198 183
-6.33583 -7.04831 0.1
000000000000000000000000000000000000000000000000111111111111111111111111111111000000000000000000000000000000000000000000000000000000000000000000000000000000000000000000000000000000000000000000000000
000000000000000000000000000000000000000000000001111111111111111111111111111111110000000000000000000000000000000000000000000000000000000000000000000000000000000000000000000000000000000000000000000000
000000000000000000000000000000000000000000000001111111111111111111111111111111111110000000000000000000000000000000000000000000000000000000000000000000000000000000000000000000000000000000000000000000
000000000000000000000000000000000000000000000111111111111111111111111111111111111111100000000000000000000000000000000000000000000000000000000000000000000000000000000000000000000000000000000000000000
000000000000000000000000000000000000000000001111111111111111111111111111111111111111111000000000000000000000000000000000000000000000000000000000000000000000000000000000000000000000000000000000000000
000000000000000000000000000000000000000000001111111111111111111111111111111111111111111110000000000000000000000000000000000000000000000000000000000000000000000000000000000000000000000000000000000000
000000000000000000000000000000000000000000001111111111111111111111111111111111111111111111100000000000000000000000000000000000000000000000000000000000000000000000000000000000000000000000000000000000
000000000000000000000000000000000000000000011111111111111111111111011111111111111111111111111000000000000000000000000000000000000000000000000000000000000000000000000000000000000000000000000000000000
000000000000000000000000000000000000000000011111111111111111111111000111111111111111111111111110000000000000000000000000000000000000000000000000000000000000000000000000000000000000000000000000000000
000000000000000000000000000000000000000000111111111111111111111110000001111111111111111111111111100000000000000000000000000000000000000000000000000000000000000000000000000000000000000000000000000000
000000000000000000000000000000000000000000111111111111111111111100000000011111111111111111111111111100000000000000000000000000000000000000000000000000000000000000000000000000000000000000000000000000
000000000000000000000000000000000000000000111111111111111111111000000000000011111111111111111111111111000000000000000000000000000000000000000000000000000000000000000000000000000000000000000000000000
000000000000000000000000000000000000000001111111111111101001000000000000000000111111111111111111111111111000000000000000000000000000000000000000000000000000000000000000000000000000000000000000000000
000000000000000000000000000000000000000001111111111111100000000000000000000000011111111111111111111111111110000000000000000000000000000000000000000000000000000000000000000000000000000000000000000000
000000000000000000000000000000000000000001111111111111000000000000000000000000001111111111111111111111111111100000000000000000000000000000000000000000000000000000000000000000000000000000000000000000
000000000000000000000000000000000000000001111111111111000000000000000000000000001111111111111111111111111111111000000000000000000000000000000000000000000000000000000000000000000000000000000000000000
000000000000000000000000000000000000000011111111111111000000000000000000000000000111111111111111111111111111111110000000000000000000000000000000000000000000000000000000000000000000000000000000000000
000000000000000000000000000000000000000011111111111110000000000000000011100000000000111001111111111111111111111111110000000000000000000000000000000000000000000000000000000000000000000000000000000000
000000000000000000000000000000000000000111111111111100000000000000011111111100000000000000011111111111111111111111111100000000000000000000000000000000000000000000000000000000000000000000000000000000
000000000000000000000000000000000000000111111111111100000000000000111111111110000000000000000111111111111111111111111111000000000000000000000000000000000000000000000000000000000000000000000000000000
000000000000000000000000000000000000001111111111111100000000000000111111111110000000000000000001111111111111111111111111110000000000000000000000000000000000000000000000000000000000000000000000000000
000000000000000000000000000000000000011111111111111000000000000000111111111110000000000000000000001111111111111111111111111100000000000000000000000000000000000000000000000000000000000000000000000000
000000000000000000000000000000000000011111111111111000000000000001111111111111000000000000000000000011111111111111111111111111100000000000000000000000000000000000000000000000000000000000000000000000
000000000000000000000000000000000000011111111111110000000000000000111111111110000000000000000000000000111111111111111111111111111000000000000000000000000000000000000000000000000000000000000000000000
000000000000000000000000000000000001111111111111110000000000000000111111111110000000000000000000000000001111111111111111111111111110000000000000000000000000000000000000000000000000000000000000000000
000000000000000000000000000000000011111111111111100000000000000000111111111110010000000000000000000000000011111111111111111111111111100000000000000000000000000000000000000000000000000000000000000000
000000000000000000000000000000000011111111111111100000000000000000011111111111111110000000000000000000000000011111111111111111111111111000000000000000000000000000000000000000000000000000000000000000
000000000000000000000000000000000011111111111111100000000000000000000011100111111111000000000000000000000000000111111111111111111111111111000000000000000000000000000000000000000000000000000000000000
000000000000000000000000000000000111111111111111100000000000000000000000000111111111000000000000000000000000000001111111111111111111111111100000000000000000000000000000000000000000000000000000000000
000000000000000000000000000000000111111111111111000000000000000000000000000111111111000000000000000000000000000000011111111111111111111111111100000000000000000000000000000000000000000000000000000000
000000000000000000000000000000000111111111111111000000000000000000000000001111111111100000000000000000000000000000000111111111111111111111111111000000000000000000000000000000000000000000000000000000
000000000000000000000000000000000011111111111111000000000000000000000000000111111111000000000000000000000000000000000000111111111111111111111111110000000000000000000000000000000000000000000000000000
000000000000000000000000001000000111111111111110000000000000000010000000000111111111000000000000000000000000000000000000001111111111111111111111111110000000000000000000000000000000000000000000000000
000000000000000000000001111111001111111111111100000000000000011111110000000111111111000000000000000000000000000000000000000001111111111111111111111111100000000000000000000000000000000000000000000000
000000000000000000000011111111101111111111111000000000000000111111111000000111111110000000000000000000000000000000000000000000111111111111111111111111111000000000000000000000000000000000000000000000
000000000000000000000011111111111111111111111100000000000001111111111000111111110000000000001011110100000000000000000000000000000111111111111111111111111110000000000000000000000000000000000000000000
000000000000000000000011111111111111111111111110000000000001111111111001111111110000000001111111111111100000000000000000000000000001111111111111111111111111000000000000000000000000000000000000000000
000000000000000000000111111111111111111111111110000000000001111111111101111111110000000011111111111111110000000000000000000000000000011111111111111111111111000000000000000000000000000000000000000000
000000000000000000000111111111111111111111111110000000000011111111111001111111110000000111111111111111110000000000000000000000000000000011111111111111111111000000000000000000000000000000000000000000
000000000000000000000111111111111111111111111111000000000011111111111011111111111000000111111111111111110000000000000000000000000000000000011111111111111111100000100000000000000000000000000000000000
000000000000000000000111111111111111111111111110000000000001111111111011111111111000000111111111111111111000000000000000000000000000000000001111111111111111000111111100000000000000000000000000000000
000000000000000000001111111111111111111111111110000000000001111111110111111111111000001111111111111111111000000000000000000000000000000000000001111111111111001111111110000000000000000000000000000000
000000000000000000000111111111111111111111111110000000000001111111110111111111110000000111111111111111111000000000000000000000000000000000000000111111111111001111111111110000000000000000000000000000
000000000000000000001111111111111111111111111100000000000000111111100111111111110000000111111111111111111000000000000000000000000000000000000000000111111110001111111111111000000000000000000000000000
000000000000000000011111111111111111111000100000000000000000001100001111111111110000000111111111111111111000000000000000000000000100000000000000000000010000011111111111111000000000000000000000000000
000000000000000000011111111111111111111000000000000000000001111111000111111111100000000011111111111111111100000000000000000000111111100000000000000000000000001111111111111000000000000000000000000000
000000000000000000111111111111111111111100000000000000000011111111100111111111000000000001111111111111111100000000000000000001111111110000000000000000000000001111111111111100000000000000000000000000
000000000000000000111111111111111111111100000000000000000111111111100111111111000000000000001111111111111100000000000000000001111111110000000000000000000000001111111111111000000000000000000000000000
000000000000000000111111111111111111111000000000000000111111111111100011111110000000000000000111111111111000000000000000000001111111110000000000000000000000000111111111111000000000000000000000000000
000000000000000001111111111111111111111000000000000001111111111111110000010000000000000000000011111111111000000000000000000011111111111000000000000000000000000011111111111000000000000000000000000000
000000000000000001111111111111111111111000000000000001111111111111110000000000000000000000000111111111111000000000000000000011111111111000000000000000000000000000011111110000000000000000000000000000
000000000010000011111111111111111111110000000000000111111111111111100000000000000000000000000011111111110000000000000000000001111111110000000000000000000000000000000010000000000000000000000000000000
000000011111110011111111111111111111110000000000001111111111111111100000000000000000000000000011111111100000000000000000000011111111111000000000000000000000000000000000000000000000000000000000000000
010000111111111111111111111111111111111110000000001111111111111111100000000000000000000000000011111111100000000000000000000001111111110000000000000000000000000000000000000000000000000000000000000000
111110111111111111111111111111111111111111000000001111111111111111100000000000000000000000000001111111000000000000000000000001111111110000000000000000000000000000000000000000000000000000000000000000
111111111111111111111111111111111111111111100000011111111111111111100000000000000000000000000000001000000000000000000000000001111111110000000000000000000000000000000000000000000000000000000000000000
111111111111111111111111111111101111111111110000011111111111111111000000000000000000000000000000000000000000000000000000000000111111100000000000000000000000000000000000000000000000000000000000000000
111111111111111111111111111111111111111111111000011111111111111111000000000000000000000000000000000000000000000000000000000000000100000000000000000000000000000000000000000000000000000000000000000000
111111111111111111111111111111101111111111111100111111111111111111000000000000000000000000000000000000000000000000000000000000000000000000000000000000000000000000000000000000000000000000000000000000
111111111111111111111111111111101111111111111100111111111111111110000000000000000000000000000000000000000000000000000000000000000000000000000000000000000000000000000000000000000000000000000000000000
111111111111111111111111111111111111111111111101111111111111111110000000000000000000000000000000000000000000000000000000000000000000000000000000000000000000000000000000000000000000000000000000000000
111111111111111111111111111111110111111111111111111111111111111100000000000000000000000000000000000000000000000000000000000000000000000000000000000000000000000000000000000000000000000000000000000000
111111111111111111111111111111110011111111111101111111111111111100000000000000000000000000000000000000000000000000000000000000000000000000000000000000000000000000000000000000000000000000000000000000
111111111111111111111111111111111011111111111111111111111111111110000000000000000000000000000000000000000000000000000000000000000000000000000000000000000000000000000000000000000000000000000000000000
111111111111111111111111111111111011111111111101111111111111111110000000000000000000000000000000000000000000000000000000000000000000000000000000000000000000000000000000000000000000000000000000000000
111111111111111111111111111111110001111111111001111111111111111110000000000000000000000000000000000000000000000000000000000000000000000000000000000000000000000000000000000000000000000000000000000000
111111111111111111111111111111110000001111000001111111111111111111110000000000000000000000000000000000000000000000000000000000000000000000000000000000000000000000000000000000000000000000000000000000
101111111111111111111111111111110000000000000000111111111111111111111000000000000000000000000000000000000000000000000000000000000000000000000000000000000000000000000000000000000000000000000000000000
001111111111111111111111111111100000000000000000011111111111111111111000000000000000000000000000000000000000000000000000000000000000000000000000000000000000000000000000000000000000000000000000000000
000111111111111111111111111111100000000000000000011111111111111111111000000000000000000000000000000000000000000000000000000000000000000000000000000000000000000000000000000000000000000000000000000000
000001111111111111111111111111000000000000000000001111111111111111111100000000000000000000000000000000000000000000000000000000000000000000000000000000000000000000000000000000000000000000000000000000
000000001111111111111111111111100000000000000000001111111111111111111100000000000000000000000000000000000000000000000000000000000000000000000000000000000000000000000000000000000000000000000000000000
000000000011111111111111111111110000000000000000001111111111111111111100000000000000000000000000000000000000000000000000000000000000000000000000000000000000000000000000000000000000000000000000000000
000000000000111111111111111111110000000000000000000111111111111111111000000000000000000000000000000000000000000000000000000000000000000000000000000000000000000000000000000000000000000000000000000000
000000000000000111111111111111111000000000000000000111111111111111111000000000000000000000000000000000000000000000000000000000000000000000000000000000000000000000000000000000000000000000000000000000
000000000000000011111111111111111000000000000000000011111111111111111000000000000000000000000000000000000000000000000000000000000000000000000000000000000000000000000000000000000000000000000000000000
000000000000000001111111111111111000000000000000000001111111111111110000000000000000000000000000000000000000000000000000000000000000000000000000000000000000000000000000000000000000000000000000000000
000000000000000000011111111111111100000000000000000001111111111110000000000000000000000000000000000000000000000000000000000000000000000000000000000000000000000000000000000000000000000000000000000000
000000000000000011111111111111111000000000000000000011111111111100000000000000000000000000000000000000000000000000000000000000000000000000000000000000000000000000000000000000000000000000000000000000
000000000000001111111111111111111000000000000000000011111111111100000000000000000000000000000000000000000000000000000000000000000000000000000000000000000000000000000000000000000000000000000000000000
000000000001111111111111111111111000000000000000000011111111111000000000000000000000000000000000000000000000000000000000000000000000000000000000000000000000000000000000000000000000000000000000000000
000000000011111111111111111111110000000000000000000111111111111000000000000000000000000000000000000000000000000000000000000000000000000000000000000000000000000000000000000000000000000000000000000000
000000000011111111111111111111100000000000000000000011111111111000000000000000000000000000000000000000000000000000000000000000000000000000000000000000000000000000000000000000000000000000000000000000
000000000011111111111111111110000000000000000000000011111111110000000000000000000000000000000000000000000000000000000000000000000000000000000000000000000000000000000000000000000000000000000000000000
000000000111111111111111111100000000000000000000000011111111110000000000000000000000000000000000000000000000000000000000000000000000000000000000000000000000000000000000000000000000000000000000000000
000000000111111111111111111100000000000000001100000001111111100000000000000000000000000000000000000000000000000000000000000000000000000000000000000000000000000000000000000000000000000000000000000000
000000000011111111111111111000000000000001111111100000001100000000000000000000000000000000000000000000000000000000000000000000000000000000000000000000000000000000000000000000000000000000000000000000
000000000011111111111111100000000000000011111111110000000000000000000000000000000000000000000000000000000000000000000000000000000000000000000000000000000000000000000000000000000000000000000000000000
000000001111111111111111100000000000000111111111111001100000000000000000000000000000000000000000000000000000000000000000000000000000000000000000000000000000000000000000000000000000000000000000000000
000000011111111111111111100000000000000111111111111111111100000000000000000001000000000000000000000000000000000000000000000000000000000000000000000000000000000000000000000000000000000000000000000000
000000111111111111111111000000000000000111111111111111111111000000000000001111111000000000000000000000000000000000000000000000000000000000000000000000000000000000000000000000000000000000000000000000
000000111111111111111110000000000000001111111111111111111111100000000000011111111100000000000000000000000000000000000000000000000000000000000000000000000000000000000000000000000000000000000000000010
000000111111111111111110000000000000000111111111111111111111110000000000111111111111000000000000000000000000000000000000000000000000000000000000000000000000000000000000000000000000000000000000011111
000001111111111111111100000000000000000111111111111111111111110000000000111111111111110000000000000000000000000000000000000000000000000000000000000000000000000000000000000000000000000000000000111111
000001111111111111111110000000000000000111111111111111111111110000000000111111111111111000000000000000000000000000000000000000000000000000000000000000000000000000000000000000000000000000000000111111
000001111111111111111111000000000000000011111111111111111111111000000001111111111111111111000000000000000000000000000000000000000000000000000000000000000000000000000000000000000000000000000001111111
000001111111111111111111100000000000000000111111111111111111110000000000111111111111111111100000000000000000000000000000000000000000000000000000000000000000000000000000000000000000000000000011111111
000011111111111111111111100000000000000000011111111111111111110000000001111111111111111111100000000000000000000000000000000000000000000000000000000000000000000000000000000000000000000000000011111111
000011111111111111111111100000000000000000000010011111111111110000000001111111111111111111100000000000000000000000000000000000000000000000000000000000000000000000000000000000000000000000000011111111
000111111111111111111111110000000000000000000000000111111111100000000111111111111111111111110000000000000000000000000000000000000000000000000000000000000000000000000000000000000000000000001111111111
001111111111111111111111100000000000000000000000000011111111100000001111111111111111111111100000000000000000000000000000000000000000000000000000000000000000000000000000000000000000000000011111111111
001111111111111111111111100000000000000000000000000001111111000000001111111111111111111111100000000000000000000000000000000000000000000000000000000000000000000000000000000000000000000000011111111111
001111111111111111111111100000000000000000000000000000001000000000001111111111111111111111100000000000000000000000000000000000000000000000000000000000000000000000000000000000000000000000011111111111
011111111111111011111111000000000000000000000000000000000000000000011111111111111101111111000000000000000000000000000000000000000000000000000000000000000000000000000000000000000000000000111111111111
111111111111111000011000000000000000000000000000000000000000000100011111111111111100001000000000000000000000000000000000000000000000000000000000000000000000000000000000000000000000000000011111111111
111111111111110000000000000000000000000000000000000000000000111111111111111111111100000000000000000000000000000000000000000000000000000000000000000000000000000000000000000000000000000000011111111111
111111111111100000000000000000000000000000000000000000000001111111111111111111111000000000000000000000000000000000000000000000000000000000000000000000000000000000000000000000000000000000111111111111
111111111111100000000000000000000000000000000000000000000011111111111111111111000000000000000000000000000000000000000000000000000000000000000000000000000000000000000000000000000000000001111111111110
111111111111100000000000000000000000000000000000000000000011111111111111111110000000000000000000000000000000000000000000000000000000000000000000000000000000000000000000000000000000000001111111111000
111111111111000000000000000000000000000000000000000000000011111111111111111100000000000000000000000000000000000000000000000000000000000000000000000000000000000000000000000000000000000001111111111000
111111111110000000000000000000000000000000000000000000000111111111111111111100000000000000000000000000000000000000000000000000000000000000000000000000000000000000000000000000000000000011111111111100
111111111111000000000000110000000000000000000000000000000011111111111111111100000000000000000000000000000000000000000000000000000000000000000000000000000000000000000000000000000000000011111111111000
111111111111111000000111111110000000000000000000000000000011111111111111111000000000000000000000000000000000000000000000000000000000000000000000000000000000000000000000000000000000000111111111111000
111111111111111100001111111111000000000000000000000000000011111111111111111100000000000000000000000000000000000000000000000000000000000000000000000000000000000000000000000000000000000111111111111000
111111111111111111101111111111100000000000000000000000000001111111111111111000000000000000000000000000000000000000000000000000000000000000000000000000000000000000000000000000000000001111111111110000
111111111111111111111111111111100000000000000000000000000000001111111111111000000000000000000000000000000000000000000000000000000000000000000000000000000000000000000000000000000100001111111111110000
111111111111111111111111111111100000000000000000000000000000011111111111111000000000000000000000000000000000000000000000000000000000000000000000000000000000000000000000000000111111101111111111100000
111111111111111111111111111111110000000000000000000000000000011111111111110000000000000000000000000000000000000000000000000000000000000000000000000000000000000000000000000001111111111111111111100000
011111111111111111111111111111100000110000000000000000000000001111111111100000000000000000000000000000000000000000000000000000000000000000000000000000000000000000000000000001111111111111111111100000
000111111111111111111111111111100111111110000000000000000000001111111111000000000000000000000000000000000000000000000000000000000000000000000000000000000000000000000000000001111111111111111111000000
000001111111111111111111111111111111111111000000000000000000001111111110000000000000000000000000000000000000000000000000000000000000000000000000000000000000000000000000000011111111111111111111000000
000000011111111111111111111111111111111111000000000111100000000111111100000000000000000000000000000000000000000000000000000000000000000000000000000000000000000000000000000011111111111111111110000000
000000000011111111111111111111111111111111010000111111111100000000100000000000000000000000000000000000000000000000000000000000000000000000000000000000000000000000000000000011111111111111111100000000
000000000000111111111111111111111111111111111111111111111110000000000000000000000000000000000000000000000000000000000000000000000000000000000000000000000000000000000000000111111111111111111100000000
000000000000001111111111111111111111111111111111111111111110000000000000000000000000000000000000000000000000000000000000000000000000000000000000000000000000000000000000001111111111111111111100000000
000000000000000011111111111111111111111111111111111111111111000000000000000000000000000000000000000000000000000000000000000000000000000000000000000000000000000000000000001111111111111111111000000000
000000000000000000111111111111111111111111111111111111111111111000000000001000000000000000000000000000000000000000000000000000000000000000000000000000000000000000000000001111111111111111111000000000
000000000000000000000111111111111111111111111111111111111111111110000001111111000000000000000000000000000000000000000000000000000000000000000000000000000000000000000000011111111111111111110000000000
000000000000000000000001111111111111111111111111111111111111111111100011111111110000000000000000000000000000000000000000000000000000000000000000000000000000000000000000011111111111111111110000000000
000000000000000000000000011111111111111111111111111111111111111111111111111111111000000000000000000000000000000000000000000000000000000000000000000000000000000000000000011111111111111111100000000000
000000000000000000000000000111111111111111111111111111111111111111111111111111111000000000000000000000000000000000000000000000000000000000000000000000000000000000000000111111111111111111100000000000
000000000000000000000000000000111111111111111111111111111111111111111111111111111000000000000000000000000000000000000000000000000000000000000000000000000000000000000001111111111111111111100000000000
000000000000000000000000000000001111111111111111111111111111111111111111111111111100000000000000000000000000000000000000000000000000000000000000000000000000000000000001111111111111111111000000000000
000000000000000000000000000000000011111111111111111111111111111111111111111111111000000000000000000000000000000000000000000000000000000000000000000000000000000000000001111111111111111110000000000000
000000000000000000000000000000000000111111111111111111111111111111111111111111111000000000000000000000000000000000000000000000000000000000000000000000000000000000000011111111111111111110000000000000
000000000000000000000000000000000000000111111111111111111111111111111111111111111110000000000000000000000000000000000000000000000000000000000000000000000000000000000001111111111111111110000000000000
000000000000000000000000000000000000000001111111111111111111111111111111111111111111100000000000000000000000000000000000000000000000000000000000000000000000000000000001111111111111111100000000000000
000000000000000000000000000000000000000000011111111111111111111111111111111111111111111100000000000000000000000000000000000000000000000000000000000000000000000000000001111111111111100000000000000000
000000000000000000000000000000000000000000000011111111111111000111111111111111111111111110000000000000000000000000000000000000000000000000000000000000000000000000000011111111111111100000000000000000
000000000000000000000000000000000000000000000000111111111110000001111111111111111111111110000000000000000000000000000000000000000000000000000000000000000000000000000011111111111111110000000000000000
000000000000000000000000000000000000000000000000001111111100000000011111111111111111111110000000000000000000000000000000000000000000000000000000000000000000000000000111111111111111110000000000000000
000000000000000000000000000000000000000000000000000001100000000000000111111111111111111111000000000000000000000000000000000000000000000000000000000000000000000000000111111111111111100000000000000000
000000000000000000000000000000000000000000000000000000000000000000000000111111111111111111000000000000000000000000000000000000000000000000000000000000000000000000000111111111111111100000000000000000
000000000000000000000000000000000000000000000000000000000000000000000000001111111111111110000000000000000000000000000000000000000000000000000000000000000000000000001111111111111111100000000000000000
000000000000000000000000000000000000000000000000000000000000000000000000000011111111111110000000000000000000000000000000000000000000000000000000000000000000000000001111111111111111000000000000000000
000000000000000000000000000000000000000000000000000000000000000000000000000000111111111110000000000000000000000000000000000000000000000000000000000000000000000000001111111111101000000000000000000000
000000000000000000000000000000000000000000000000000000000000000000000000000000000111111111100000000000000000000000000000000000000000000000000000000000000000000000000111111111100000000000000000000000
000000000000000000000000000000000000000000000000000000000000000000000000000000001111111111111000000000000000000000000000000000000000000000000000000000000000000000000111111111110000000000000000000000
000000000000000000000000000000000000000000000000000000000000000000000000000000001111111111111110000000000000000000000000000000000000000000000000000000000000000000000111111111110000000000000000000000
000000000000000000000000000000000000000000000000000000000000000000000000000000001111111111111111100000000000000000000000000000000000000000000000000000000000000000000111111111110000000000000000000000
000000000000000000000000000000000000000000000000000000000000000000000000000000011111111111111111111100000000000000000000000000000000000000000000000000000000000000000011111111111000000000000000000000
000000000000000000000000000000000000000000000000000000000000000000000000000000001111111111111111111111100000000000000000000000000000000000000000000000000000000000000111111111111000000000000000000000
000000000000000000000000000000000000000000000000000000000000000000000000000000001111111111111111111111110000000000000000000000000000000000000000000000000000000000000011111111110000000000000000000000
000000000000000000000000000000000000000000000000000000000000000000000000000000001111111111111111111111111100000000000000000000000000000000000000000000000000000000000011111111110000000000000000000000
000000000000000000000000000000000000000000000000000000000000000000000000000000000111111111111111111111111111100000000000000000000000000000000000000000000000000000000111111111110000000000000000000000
000000000000000000000000000000000000000000000000000000000000000000000000000000000000111111111111111111111111111000000000000000000000000000000000000000000000000000001111111111110000000000000000000000
000000000000000000000000000000000000000000000000000000000000000000000000000000000000001111111111111111111111111111000000000000000000000000000000000000000000000000001111111111110000000000000000000000
000000000000000000000000000000000000000000000000000000000000000000000000000000000000000011111111111111111111111111100000000000000000000000000000000000000000000000001111111111110000000000000000000000
000000000000000000000000000000000000000000000000000000000000000000000000000000000000000000111111111111111111111111111100000000000000000000000000000000000000000000011111111111100000000000000000000000
000000000000000000000000000000000000000000000000000000000000000000000000000000000000000000000111111111111111111111111111100000000000000000000000000000000000000000011111111111100000000000000000000000
000000000000000000000000000000000000000000000000000000000000000000000000000000000000000000000001111111111111111111111111111000000000000000000000000000000000000000011111111111100000000000000000000000
000000000000000000000000000000000000000000000000000000000000000000000000000000000000000000000000011111111111111111111111111100000000000000000000000000000000000000111111111111000000000000000000000000
000000000000000000000000000000000000000000000000000000000000000000000000000000000000000000000000000111111111111111111111111111100000000000000000000000000000000000111111111110000000000000000000000000
000000000000000000000000000000000000000000000000000000000000000000000000000000000000000000000000000001111111111111111111111111110000000000000000000000000000000001111111111110000000000000000000000000
000000000000000000000000000000000000000000000000000000000000000000000000000000000000000000000000000000011111111111111111111111111110000000000000000000000000000011111111111110000000000000000000000000
000000000000000000000000000000000000000000000000000000000000000000000000000000000000000000000000000000000011111111111111111111111111100000000000000000000000000111111111111100000000000000000000000000
000000000000000000000000000000000000000000000000000000000000000000000000000000000000000000000000000000000000011111111111111111111111111100000000000000000000001111111111111100000000000000000000000000
000000000000000000000000000000000000000000000000000000000000000000000000000000000000000000000000000000000000000111111111111111111111111111000000000000000000001111111111111000000000000000000000000000
000000000000000000000000000000000000000000000000000000000000000000000000000000000000000000000000000000000000000000111111111111111111111111111000000000000000011111111111111000000000000000000000000000
000000000000000000000000000000000000000000000000000000000000000000000000000000000000000000000000000000000000000000011111111111111111111111111110000000000000111111111111110000000000000000000000000000
000000000000000000000000000000000000000000000000000000000000000000000000000000000000000000000000000000000000000000000111111111111111111111111111100000000001111111111111110000000000000000000000000000
000000000000000000000000000000000000000000000000000000000000000000000000000000000000000000000000000000000000000000000000111111111111111111111111111000000011111111111111100000000000000000000000000000
000000000000000000000000000000000000000000000000000000000000000000000000000000000000000000000000000000000000000000000000001111111111111111111111111110000111111111111111000000000000000000000000000000
000000000000000000000000000000000000000000000000000000000000000000000000000000000000000000000000000000000000000000000000000011111111111111111111111111100111111111111110000000000000000000000000000000
000000000000000000000000000000000000000000000000000000000000000000000000000000000000000000000000000000000000000000000000000000011111111111111111111111111111111111111110000000000000000000000000000000
000000000000000000000000000000000000000000000000000000000000000000000000000000000000000000000000000000000000000000000000000000000111111111111111111111111111111111111100000000000000000000000000000000
000000000000000000000000000000000000000000000000000000000000000000000000000000000000000000000000000000000000000000000000000000000000111111111111111111111111111111111100000000000000000000000000000000
000000000000000000000000000000000000000000000000000000000000000000000000000000000000000000000000000000000000000000000000000000000000001111111111111111111111111111111000000000000000000000000000000000
000000000000000000000000000000000000000000000000000000000000000000000000000000000000000000000000000000000000000000000000000000000000000011111111111111111111111111111000000000000000000000000000000000
000000000000000000000000000000000000000000000000000000000000000000000000000000000000000000000000000000000000000000000000000000000000000000111111111111111111111111111000000000000000000000000000000000
000000000000000000000000000000000000000000000000000000000000000000000000000000000000000000000000000000000000000000000000000000000000000000001111111111111111111111110000000000000000000000000000000000
000000000000000000000000000000000000000000000000000000000000000000000000000000000000000000000000000000000000000000000000000000000000000000000111111111111111111111110000000000000000000000000000000000
000000000000000000000000000000000000000000000000000000000000000000000000000000000000000000000000000000000000000000000000000000000000000000000000111111111111111111100000000000000000000000000000000000
